						    Ð À Á Î Ò À   Ñ   Ã Ð À Ô À Ì È




 Ì À Ò Ð È Ö À   Ñ Ì Å Æ Í Î Ñ Ò È   Ï Î   È Ñ Õ Î Ä Í Û Ì   Ä À Í Í Û Ì :

 0 0 0 0 0 0 0 0 0 0 0 0 0 0 0 0 0 0 0 0 0 0 0 0 0 
 0 0 0 0 0 5 0 0 0 0 0 0 0 0 0 0 22 0 0 0 0 0 0 0 0 
 0 0 0 28 0 0 0 0 0 0 0 0 0 0 0 0 0 21 0 0 0 0 0 0 0 
 0 0 0 0 0 0 0 9 0 0 0 0 0 0 0 13 0 0 0 0 0 0 0 0 0 
 0 0 0 0 0 0 0 0 0 0 0 0 0 0 0 0 0 26 0 26 0 0 0 0 0 
 0 0 0 0 0 0 0 0 0 0 0 0 0 10 0 0 0 0 0 0 0 5 0 0 26 
 0 0 0 0 0 0 0 0 21 0 0 0 0 24 0 0 0 0 0 0 0 0 0 0 0 
 0 0 0 0 0 0 0 0 0 0 0 0 28 0 0 0 0 0 0 0 0 0 19 0 0 
 0 0 0 0 0 0 0 28 0 0 0 0 6 0 0 0 0 19 0 0 0 0 0 0 0 
 0 0 14 0 0 0 0 0 0 0 0 0 0 0 0 0 0 0 0 0 0 0 0 0 0 
 0 0 0 0 0 0 0 0 0 0 0 0 0 0 0 0 12 0 0 0 0 0 0 0 0 
 0 0 0 0 0 0 0 0 0 0 0 0 0 0 0 0 0 0 0 0 0 0 0 0 10 
 0 0 28 0 0 0 0 0 8 0 0 0 0 18 0 30 0 0 0 0 0 0 0 0 0 
 0 9 0 0 0 0 0 0 0 0 0 0 0 0 0 0 0 0 0 0 0 25 0 0 0 
 0 0 0 0 0 0 0 0 0 0 0 0 0 0 0 0 0 0 0 0 0 0 0 0 0 
 0 0 0 0 0 0 0 0 0 0 17 0 9 0 0 0 0 0 0 0 0 23 0 0 5 
 7 0 0 0 0 0 0 0 0 0 0 0 20 0 0 0 0 0 0 0 0 0 0 0 0 
 0 0 0 0 24 0 0 0 0 0 0 0 0 0 0 8 0 0 0 0 19 0 0 5 0 
 0 0 0 0 0 0 17 0 0 0 0 0 0 0 0 0 0 0 0 0 0 0 0 0 0 
 0 0 0 0 0 0 0 0 0 0 0 0 0 0 0 0 0 0 0 0 0 0 0 28 0 
 0 0 23 0 28 0 0 0 0 0 0 0 0 0 0 0 0 0 0 0 0 0 0 0 0 
 0 0 26 0 0 0 0 0 0 0 0 0 0 0 0 0 0 0 0 16 25 0 0 0 0 
 0 0 0 0 0 0 0 0 0 0 0 0 0 0 0 0 0 0 0 0 0 0 0 30 0 
 0 0 0 5 21 0 0 0 0 0 0 0 15 0 0 0 0 0 0 0 0 0 0 0 0 
 0 0 0 0 0 0 0 0 0 0 0 0 0 0 0 25 0 22 0 0 0 0 0 0 0 

 Graph does not contain edges with negative weight.



								 Ì À Ñ Ñ È Â   Ð À Ñ Ñ Ò Î ß Í È É:

 2 - 1: 29
 2 - 3: 36
 2 - 4: 59
 2 - 5: 63
 2 - 6: 5
 2 - 7: 10000
 2 - 8: 68
 2 - 9: 50
 2 - 10: 10000
 2 - 11: 73
 2 - 12: 10000
 2 - 13: 42
 2 - 14: 15
 2 - 15: 10000
 2 - 16: 56
 2 - 17: 22
 2 - 18: 53
 2 - 19: 10000
 2 - 20: 26
 2 - 21: 35
 2 - 22: 10
 2 - 23: 87
 2 - 24: 54
 2 - 25: 31
